Time0
Waiting clients:(1,30,5)(2,5,1)(3,22,3)(4,38,5)(5,27,2)(6,24,3)(7,24,1)(8,39,6)(9,14,3)(10,17,2)(11,24,3)(12,4,2)(13,18,5)(14,3,2)(15,13,5)(16,28,5)(17,9,2)(18,12,4)(19,16,3)(20,3,2)(21,14,1)(22,4,1)(23,32,5)(24,8,2)(25,25,3)(26,23,5)(27,15,4)(28,35,5)(29,2,5)(30,19,1)(31,3,3)(32,39,3)(33,23,4)(34,9,4)(35,9,3)(36,38,6)(37,30,1)(38,21,1)(39,35,3)(40,27,3)(41,15,5)(42,29,1)(43,27,2)(44,29,4)(45,25,4)(46,38,4)(47,18,4)(48,36,6)(49,38,4)(50,20,5)
Casa1: 
Casa2: 
Casa3: 
Casa4: 
Casa5: 
Time1
Waiting clients:(1,30,5)(2,5,1)(3,22,3)(4,38,5)(5,27,2)(6,24,3)(7,24,1)(8,39,6)(9,14,3)(10,17,2)(11,24,3)(12,4,2)(13,18,5)(14,3,2)(15,13,5)(16,28,5)(17,9,2)(18,12,4)(19,16,3)(20,3,2)(21,14,1)(22,4,1)(23,32,5)(24,8,2)(25,25,3)(26,23,5)(27,15,4)(28,35,5)(29,2,5)(30,19,1)(31,3,3)(32,39,3)(33,23,4)(34,9,4)(35,9,3)(36,38,6)(37,30,1)(38,21,1)(39,35,3)(40,27,3)(41,15,5)(42,29,1)(43,27,2)(44,29,4)(45,25,4)(46,38,4)(47,18,4)(48,36,6)(49,38,4)(50,20,5)
Casa1: 
Casa2: 
Casa3: 
Casa4: 
Casa5: 
Time2
Waiting clients:(1,30,5)(2,5,1)(3,22,3)(4,38,5)(5,27,2)(6,24,3)(7,24,1)(8,39,6)(9,14,3)(10,17,2)(11,24,3)(12,4,2)(13,18,5)(14,3,2)(15,13,5)(16,28,5)(17,9,2)(18,12,4)(19,16,3)(20,3,2)(21,14,1)(22,4,1)(23,32,5)(24,8,2)(25,25,3)(26,23,5)(27,15,4)(28,35,5)(30,19,1)(31,3,3)(32,39,3)(33,23,4)(34,9,4)(35,9,3)(36,38,6)(37,30,1)(38,21,1)(39,35,3)(40,27,3)(41,15,5)(42,29,1)(43,27,2)(44,29,4)(45,25,4)(46,38,4)(47,18,4)(48,36,6)(49,38,4)(50,20,5)
Casa1: (29,2,5)
Casa2: 
Casa3: 
Casa4: 
Casa5: 
Time3
Waiting clients:(1,30,5)(2,5,1)(3,22,3)(4,38,5)(5,27,2)(6,24,3)(7,24,1)(8,39,6)(9,14,3)(10,17,2)(11,24,3)(12,4,2)(13,18,5)(15,13,5)(16,28,5)(17,9,2)(18,12,4)(19,16,3)(21,14,1)(22,4,1)(23,32,5)(24,8,2)(25,25,3)(26,23,5)(27,15,4)(28,35,5)(30,19,1)(32,39,3)(33,23,4)(34,9,4)(35,9,3)(36,38,6)(37,30,1)(38,21,1)(39,35,3)(40,27,3)(41,15,5)(42,29,1)(43,27,2)(44,29,4)(45,25,4)(46,38,4)(47,18,4)(48,36,6)(49,38,4)(50,20,5)
Casa1: (29,2,4)
Casa2: (14,3,2)
Casa3: (20,3,2)
Casa4: (31,3,3)
Casa5: 
Time4
Waiting clients:(1,30,5)(2,5,1)(3,22,3)(4,38,5)(5,27,2)(6,24,3)(7,24,1)(8,39,6)(9,14,3)(10,17,2)(11,24,3)(13,18,5)(15,13,5)(16,28,5)(17,9,2)(18,12,4)(19,16,3)(21,14,1)(23,32,5)(24,8,2)(25,25,3)(26,23,5)(27,15,4)(28,35,5)(30,19,1)(32,39,3)(33,23,4)(34,9,4)(35,9,3)(36,38,6)(37,30,1)(38,21,1)(39,35,3)(40,27,3)(41,15,5)(42,29,1)(43,27,2)(44,29,4)(45,25,4)(46,38,4)(47,18,4)(48,36,6)(49,38,4)(50,20,5)
Casa1: (29,2,3)
Casa2: (14,3,1)
Casa3: (20,3,1)(22,4,1)
Casa4: (31,3,2)
Casa5: (12,4,2)
Time5
Waiting clients:(1,30,5)(3,22,3)(4,38,5)(5,27,2)(6,24,3)(7,24,1)(8,39,6)(9,14,3)(10,17,2)(11,24,3)(13,18,5)(15,13,5)(16,28,5)(17,9,2)(18,12,4)(19,16,3)(21,14,1)(23,32,5)(24,8,2)(25,25,3)(26,23,5)(27,15,4)(28,35,5)(30,19,1)(32,39,3)(33,23,4)(34,9,4)(35,9,3)(36,38,6)(37,30,1)(38,21,1)(39,35,3)(40,27,3)(41,15,5)(42,29,1)(43,27,2)(44,29,4)(45,25,4)(46,38,4)(47,18,4)(48,36,6)(49,38,4)(50,20,5)
Casa1: (29,2,2)
Casa2: (2,5,1)
Casa3: (22,4,1)
Casa4: (31,3,1)
Casa5: (12,4,1)
Time6
Waiting clients:(1,30,5)(3,22,3)(4,38,5)(5,27,2)(6,24,3)(7,24,1)(8,39,6)(9,14,3)(10,17,2)(11,24,3)(13,18,5)(15,13,5)(16,28,5)(17,9,2)(18,12,4)(19,16,3)(21,14,1)(23,32,5)(24,8,2)(25,25,3)(26,23,5)(27,15,4)(28,35,5)(30,19,1)(32,39,3)(33,23,4)(34,9,4)(35,9,3)(36,38,6)(37,30,1)(38,21,1)(39,35,3)(40,27,3)(41,15,5)(42,29,1)(43,27,2)(44,29,4)(45,25,4)(46,38,4)(47,18,4)(48,36,6)(49,38,4)(50,20,5)
Casa1: (29,2,1)
Casa2: 
Casa3: 
Casa4: 
Casa5: 
Time7
Waiting clients:(1,30,5)(3,22,3)(4,38,5)(5,27,2)(6,24,3)(7,24,1)(8,39,6)(9,14,3)(10,17,2)(11,24,3)(13,18,5)(15,13,5)(16,28,5)(17,9,2)(18,12,4)(19,16,3)(21,14,1)(23,32,5)(24,8,2)(25,25,3)(26,23,5)(27,15,4)(28,35,5)(30,19,1)(32,39,3)(33,23,4)(34,9,4)(35,9,3)(36,38,6)(37,30,1)(38,21,1)(39,35,3)(40,27,3)(41,15,5)(42,29,1)(43,27,2)(44,29,4)(45,25,4)(46,38,4)(47,18,4)(48,36,6)(49,38,4)(50,20,5)
Casa1: 
Casa2: 
Casa3: 
Casa4: 
Casa5: 
Time8
Waiting clients:(1,30,5)(3,22,3)(4,38,5)(5,27,2)(6,24,3)(7,24,1)(8,39,6)(9,14,3)(10,17,2)(11,24,3)(13,18,5)(15,13,5)(16,28,5)(17,9,2)(18,12,4)(19,16,3)(21,14,1)(23,32,5)(25,25,3)(26,23,5)(27,15,4)(28,35,5)(30,19,1)(32,39,3)(33,23,4)(34,9,4)(35,9,3)(36,38,6)(37,30,1)(38,21,1)(39,35,3)(40,27,3)(41,15,5)(42,29,1)(43,27,2)(44,29,4)(45,25,4)(46,38,4)(47,18,4)(48,36,6)(49,38,4)(50,20,5)
Casa1: 
Casa2: 
Casa3: 
Casa4: 
Casa5: (24,8,2)
Time9
Waiting clients:(1,30,5)(3,22,3)(4,38,5)(5,27,2)(6,24,3)(7,24,1)(8,39,6)(9,14,3)(10,17,2)(11,24,3)(13,18,5)(15,13,5)(16,28,5)(18,12,4)(19,16,3)(21,14,1)(23,32,5)(25,25,3)(26,23,5)(27,15,4)(28,35,5)(30,19,1)(32,39,3)(33,23,4)(36,38,6)(37,30,1)(38,21,1)(39,35,3)(40,27,3)(41,15,5)(42,29,1)(43,27,2)(44,29,4)(45,25,4)(46,38,4)(47,18,4)(48,36,6)(49,38,4)(50,20,5)
Casa1: (34,9,4)
Casa2: 
Casa3: 
Casa4: (17,9,2)
Casa5: (24,8,1)(35,9,3)
Time10
Waiting clients:(1,30,5)(3,22,3)(4,38,5)(5,27,2)(6,24,3)(7,24,1)(8,39,6)(9,14,3)(10,17,2)(11,24,3)(13,18,5)(15,13,5)(16,28,5)(18,12,4)(19,16,3)(21,14,1)(23,32,5)(25,25,3)(26,23,5)(27,15,4)(28,35,5)(30,19,1)(32,39,3)(33,23,4)(36,38,6)(37,30,1)(38,21,1)(39,35,3)(40,27,3)(41,15,5)(42,29,1)(43,27,2)(44,29,4)(45,25,4)(46,38,4)(47,18,4)(48,36,6)(49,38,4)(50,20,5)
Casa1: (34,9,3)
Casa2: 
Casa3: 
Casa4: (17,9,1)
Casa5: (35,9,3)
Time11
Waiting clients:(1,30,5)(3,22,3)(4,38,5)(5,27,2)(6,24,3)(7,24,1)(8,39,6)(9,14,3)(10,17,2)(11,24,3)(13,18,5)(15,13,5)(16,28,5)(18,12,4)(19,16,3)(21,14,1)(23,32,5)(25,25,3)(26,23,5)(27,15,4)(28,35,5)(30,19,1)(32,39,3)(33,23,4)(36,38,6)(37,30,1)(38,21,1)(39,35,3)(40,27,3)(41,15,5)(42,29,1)(43,27,2)(44,29,4)(45,25,4)(46,38,4)(47,18,4)(48,36,6)(49,38,4)(50,20,5)
Casa1: (34,9,2)
Casa2: 
Casa3: 
Casa4: 
Casa5: (35,9,2)
Time12
Waiting clients:(1,30,5)(3,22,3)(4,38,5)(5,27,2)(6,24,3)(7,24,1)(8,39,6)(9,14,3)(10,17,2)(11,24,3)(13,18,5)(15,13,5)(16,28,5)(19,16,3)(21,14,1)(23,32,5)(25,25,3)(26,23,5)(27,15,4)(28,35,5)(30,19,1)(32,39,3)(33,23,4)(36,38,6)(37,30,1)(38,21,1)(39,35,3)(40,27,3)(41,15,5)(42,29,1)(43,27,2)(44,29,4)(45,25,4)(46,38,4)(47,18,4)(48,36,6)(49,38,4)(50,20,5)
Casa1: (34,9,1)
Casa2: (18,12,4)
Casa3: 
Casa4: 
Casa5: (35,9,1)
Time13
Waiting clients:(1,30,5)(3,22,3)(4,38,5)(5,27,2)(6,24,3)(7,24,1)(8,39,6)(9,14,3)(10,17,2)(11,24,3)(13,18,5)(16,28,5)(19,16,3)(21,14,1)(23,32,5)(25,25,3)(26,23,5)(27,15,4)(28,35,5)(30,19,1)(32,39,3)(33,23,4)(36,38,6)(37,30,1)(38,21,1)(39,35,3)(40,27,3)(41,15,5)(42,29,1)(43,27,2)(44,29,4)(45,25,4)(46,38,4)(47,18,4)(48,36,6)(49,38,4)(50,20,5)
Casa1: 
Casa2: (18,12,3)
Casa3: (15,13,5)
Casa4: 
Casa5: 
Time14
Waiting clients:(1,30,5)(3,22,3)(4,38,5)(5,27,2)(6,24,3)(7,24,1)(8,39,6)(10,17,2)(11,24,3)(13,18,5)(16,28,5)(19,16,3)(23,32,5)(25,25,3)(26,23,5)(27,15,4)(28,35,5)(30,19,1)(32,39,3)(33,23,4)(36,38,6)(37,30,1)(38,21,1)(39,35,3)(40,27,3)(41,15,5)(42,29,1)(43,27,2)(44,29,4)(45,25,4)(46,38,4)(47,18,4)(48,36,6)(49,38,4)(50,20,5)
Casa1: (21,14,1)
Casa2: (18,12,2)
Casa3: (15,13,4)
Casa4: (9,14,3)
Casa5: 
Time15
Waiting clients:(1,30,5)(3,22,3)(4,38,5)(5,27,2)(6,24,3)(7,24,1)(8,39,6)(10,17,2)(11,24,3)(13,18,5)(16,28,5)(19,16,3)(23,32,5)(25,25,3)(26,23,5)(28,35,5)(30,19,1)(32,39,3)(33,23,4)(36,38,6)(37,30,1)(38,21,1)(39,35,3)(40,27,3)(42,29,1)(43,27,2)(44,29,4)(45,25,4)(46,38,4)(47,18,4)(48,36,6)(49,38,4)(50,20,5)
Casa1: (27,15,4)
Casa2: (18,12,1)
Casa3: (15,13,3)
Casa4: (9,14,2)
Casa5: (41,15,5)
Time16
Waiting clients:(1,30,5)(3,22,3)(4,38,5)(5,27,2)(6,24,3)(7,24,1)(8,39,6)(10,17,2)(11,24,3)(13,18,5)(16,28,5)(23,32,5)(25,25,3)(26,23,5)(28,35,5)(30,19,1)(32,39,3)(33,23,4)(36,38,6)(37,30,1)(38,21,1)(39,35,3)(40,27,3)(42,29,1)(43,27,2)(44,29,4)(45,25,4)(46,38,4)(47,18,4)(48,36,6)(49,38,4)(50,20,5)
Casa1: (27,15,3)
Casa2: (19,16,3)
Casa3: (15,13,2)
Casa4: (9,14,1)
Casa5: (41,15,4)
Time17
Waiting clients:(1,30,5)(3,22,3)(4,38,5)(5,27,2)(6,24,3)(7,24,1)(8,39,6)(11,24,3)(13,18,5)(16,28,5)(23,32,5)(25,25,3)(26,23,5)(28,35,5)(30,19,1)(32,39,3)(33,23,4)(36,38,6)(37,30,1)(38,21,1)(39,35,3)(40,27,3)(42,29,1)(43,27,2)(44,29,4)(45,25,4)(46,38,4)(47,18,4)(48,36,6)(49,38,4)(50,20,5)
Casa1: (27,15,2)
Casa2: (19,16,2)
Casa3: (15,13,1)
Casa4: (10,17,2)
Casa5: (41,15,3)
Time18
Waiting clients:(1,30,5)(3,22,3)(4,38,5)(5,27,2)(6,24,3)(7,24,1)(8,39,6)(11,24,3)(16,28,5)(23,32,5)(25,25,3)(26,23,5)(28,35,5)(30,19,1)(32,39,3)(33,23,4)(36,38,6)(37,30,1)(38,21,1)(39,35,3)(40,27,3)(42,29,1)(43,27,2)(44,29,4)(45,25,4)(46,38,4)(48,36,6)(49,38,4)(50,20,5)
Casa1: (27,15,1)
Casa2: (19,16,1)
Casa3: (13,18,5)
Casa4: (10,17,1)(47,18,4)
Casa5: (41,15,2)
Time19
Waiting clients:(1,30,5)(3,22,3)(4,38,5)(5,27,2)(6,24,3)(7,24,1)(8,39,6)(11,24,3)(16,28,5)(23,32,5)(25,25,3)(26,23,5)(28,35,5)(32,39,3)(33,23,4)(36,38,6)(37,30,1)(38,21,1)(39,35,3)(40,27,3)(42,29,1)(43,27,2)(44,29,4)(45,25,4)(46,38,4)(48,36,6)(49,38,4)(50,20,5)
Casa1: 
Casa2: (30,19,1)
Casa3: (13,18,4)
Casa4: (47,18,4)
Casa5: (41,15,1)
Time20
Waiting clients:(1,30,5)(3,22,3)(4,38,5)(5,27,2)(6,24,3)(7,24,1)(8,39,6)(11,24,3)(16,28,5)(23,32,5)(25,25,3)(26,23,5)(28,35,5)(32,39,3)(33,23,4)(36,38,6)(37,30,1)(38,21,1)(39,35,3)(40,27,3)(42,29,1)(43,27,2)(44,29,4)(45,25,4)(46,38,4)(48,36,6)(49,38,4)
Casa1: (50,20,5)
Casa2: 
Casa3: (13,18,3)
Casa4: (47,18,3)
Casa5: 
Time21
Waiting clients:(1,30,5)(3,22,3)(4,38,5)(5,27,2)(6,24,3)(7,24,1)(8,39,6)(11,24,3)(16,28,5)(23,32,5)(25,25,3)(26,23,5)(28,35,5)(32,39,3)(33,23,4)(36,38,6)(37,30,1)(39,35,3)(40,27,3)(42,29,1)(43,27,2)(44,29,4)(45,25,4)(46,38,4)(48,36,6)(49,38,4)
Casa1: (50,20,4)
Casa2: 
Casa3: (13,18,2)
Casa4: (47,18,2)
Casa5: (38,21,1)
Time22
Waiting clients:(1,30,5)(4,38,5)(5,27,2)(6,24,3)(7,24,1)(8,39,6)(11,24,3)(16,28,5)(23,32,5)(25,25,3)(26,23,5)(28,35,5)(32,39,3)(33,23,4)(36,38,6)(37,30,1)(39,35,3)(40,27,3)(42,29,1)(43,27,2)(44,29,4)(45,25,4)(46,38,4)(48,36,6)(49,38,4)
Casa1: (50,20,3)
Casa2: 
Casa3: (13,18,1)(3,22,3)
Casa4: (47,18,1)
Casa5: 
Time23
Waiting clients:(1,30,5)(4,38,5)(5,27,2)(6,24,3)(7,24,1)(8,39,6)(11,24,3)(16,28,5)(23,32,5)(25,25,3)(28,35,5)(32,39,3)(36,38,6)(37,30,1)(39,35,3)(40,27,3)(42,29,1)(43,27,2)(44,29,4)(45,25,4)(46,38,4)(48,36,6)(49,38,4)
Casa1: (50,20,2)
Casa2: (33,23,4)
Casa3: (3,22,3)
Casa4: 
Casa5: (26,23,5)
Time24
Waiting clients:(1,30,5)(4,38,5)(5,27,2)(8,39,6)(16,28,5)(23,32,5)(25,25,3)(28,35,5)(32,39,3)(36,38,6)(37,30,1)(39,35,3)(40,27,3)(42,29,1)(43,27,2)(44,29,4)(45,25,4)(46,38,4)(48,36,6)(49,38,4)
Casa1: (50,20,1)(7,24,1)(11,24,3)
Casa2: (33,23,3)
Casa3: (3,22,2)
Casa4: (6,24,3)
Casa5: (26,23,4)
Time25
Waiting clients:(1,30,5)(4,38,5)(5,27,2)(8,39,6)(16,28,5)(23,32,5)(28,35,5)(32,39,3)(36,38,6)(37,30,1)(39,35,3)(40,27,3)(42,29,1)(43,27,2)(44,29,4)(46,38,4)(48,36,6)(49,38,4)
Casa1: (7,24,1)(11,24,3)
Casa2: (33,23,2)
Casa3: (3,22,1)(25,25,3)
Casa4: (6,24,2)(45,25,4)
Casa5: (26,23,3)
Time26
Waiting clients:(1,30,5)(4,38,5)(5,27,2)(8,39,6)(16,28,5)(23,32,5)(28,35,5)(32,39,3)(36,38,6)(37,30,1)(39,35,3)(40,27,3)(42,29,1)(43,27,2)(44,29,4)(46,38,4)(48,36,6)(49,38,4)
Casa1: (11,24,3)
Casa2: (33,23,1)
Casa3: (25,25,3)
Casa4: (6,24,1)(45,25,4)
Casa5: (26,23,2)
Time27
Waiting clients:(1,30,5)(4,38,5)(8,39,6)(16,28,5)(23,32,5)(28,35,5)(32,39,3)(36,38,6)(37,30,1)(39,35,3)(42,29,1)(44,29,4)(46,38,4)(48,36,6)(49,38,4)
Casa1: (11,24,2)
Casa2: (5,27,2)
Casa3: (25,25,2)(43,27,2)
Casa4: (45,25,4)
Casa5: (26,23,1)(40,27,3)
Time28
Waiting clients:(1,30,5)(4,38,5)(8,39,6)(23,32,5)(28,35,5)(32,39,3)(36,38,6)(37,30,1)(39,35,3)(42,29,1)(44,29,4)(46,38,4)(48,36,6)(49,38,4)
Casa1: (11,24,1)
Casa2: (5,27,1)(16,28,5)
Casa3: (25,25,1)(43,27,2)
Casa4: (45,25,3)
Casa5: (40,27,3)
Time29
Waiting clients:(1,30,5)(4,38,5)(8,39,6)(23,32,5)(28,35,5)(32,39,3)(36,38,6)(37,30,1)(39,35,3)(46,38,4)(48,36,6)(49,38,4)
Casa1: (42,29,1)(44,29,4)
Casa2: (16,28,5)
Casa3: (43,27,2)
Casa4: (45,25,2)
Casa5: (40,27,2)
Time30
Waiting clients:(4,38,5)(8,39,6)(23,32,5)(28,35,5)(32,39,3)(36,38,6)(39,35,3)(46,38,4)(48,36,6)(49,38,4)
Casa1: (44,29,4)
Casa2: (16,28,4)
Casa3: (43,27,1)(1,30,5)
Casa4: (45,25,1)
Casa5: (40,27,1)(37,30,1)
Time31
Waiting clients:(4,38,5)(8,39,6)(23,32,5)(28,35,5)(32,39,3)(36,38,6)(39,35,3)(46,38,4)(48,36,6)(49,38,4)
Casa1: (44,29,3)
Casa2: (16,28,3)
Casa3: (1,30,5)
Casa4: 
Casa5: (37,30,1)
Time32
Waiting clients:(4,38,5)(8,39,6)(28,35,5)(32,39,3)(36,38,6)(39,35,3)(46,38,4)(48,36,6)(49,38,4)
Casa1: (44,29,2)
Casa2: (16,28,2)
Casa3: (1,30,4)
Casa4: (23,32,5)
Casa5: 
Time33
Waiting clients:(4,38,5)(8,39,6)(28,35,5)(32,39,3)(36,38,6)(39,35,3)(46,38,4)(48,36,6)(49,38,4)
Casa1: (44,29,1)
Casa2: (16,28,1)
Casa3: (1,30,3)
Casa4: (23,32,4)
Casa5: 
Time34
Waiting clients:(4,38,5)(8,39,6)(28,35,5)(32,39,3)(36,38,6)(39,35,3)(46,38,4)(48,36,6)(49,38,4)
Casa1: 
Casa2: 
Casa3: (1,30,2)
Casa4: (23,32,3)
Casa5: 
Time35
Waiting clients:(4,38,5)(8,39,6)(32,39,3)(36,38,6)(46,38,4)(48,36,6)(49,38,4)
Casa1: 
Casa2: (39,35,3)
Casa3: (1,30,1)
Casa4: (23,32,2)
Casa5: (28,35,5)
Time36
Waiting clients:(4,38,5)(8,39,6)(32,39,3)(36,38,6)(46,38,4)(49,38,4)
Casa1: 
Casa2: (39,35,2)
Casa3: (48,36,6)
Casa4: (23,32,1)
Casa5: (28,35,4)
Time37
Waiting clients:(4,38,5)(8,39,6)(32,39,3)(36,38,6)(46,38,4)(49,38,4)
Casa1: 
Casa2: (39,35,1)
Casa3: (48,36,5)
Casa4: 
Casa5: (28,35,3)
Time38
Waiting clients:(8,39,6)(32,39,3)
Casa1: (36,38,6)
Casa2: (46,38,4)
Casa3: (48,36,4)
Casa4: (4,38,5)
Casa5: (28,35,2)(49,38,4)
Time39
Waiting clients:
Casa1: (36,38,5)
Casa2: (46,38,3)(32,39,3)
Casa3: (48,36,3)(8,39,6)
Casa4: (4,38,4)
Casa5: (28,35,1)(49,38,4)
Time40
Waiting clients:
Casa1: (36,38,4)
Casa2: (46,38,2)(32,39,3)
Casa3: (48,36,2)(8,39,6)
Casa4: (4,38,3)
Casa5: (49,38,4)
Time41
Waiting clients:
Casa1: (36,38,3)
Casa2: (46,38,1)(32,39,3)
Casa3: (48,36,1)(8,39,6)
Casa4: (4,38,2)
Casa5: (49,38,3)
Time42
Waiting clients:
Casa1: (36,38,2)
Casa2: (32,39,3)
Casa3: (8,39,6)
Casa4: (4,38,1)
Casa5: (49,38,2)
Time43
Waiting clients:
Casa1: (36,38,1)
Casa2: (32,39,2)
Casa3: (8,39,5)
Casa4: 
Casa5: (49,38,1)
Time44
Waiting clients:
Casa1: 
Casa2: (32,39,1)
Casa3: (8,39,4)
Casa4: 
Casa5: 
Time45
Waiting clients:
Casa1: 
Casa2: 
Casa3: (8,39,3)
Casa4: 
Casa5: 
Time46
Waiting clients:
Casa1: 
Casa2: 
Casa3: (8,39,2)
Casa4: 
Casa5: 
Time47
Waiting clients:
Casa1: 
Casa2: 
Casa3: (8,39,1)
Casa4: 
Casa5: 
Time48
Waiting clients:
Casa1: 
Casa2: 
Casa3: 
Casa4: 
Casa5: 